| Common years starting Friday |
| --- |
| 1593 |
| 1599 |
| 1610 |
| 1621 |
| 1627 |
| 1638 |
| 1649 |
| 1655 |
| 1666 |
| 1677 |
| 1683 |
| 1694 |
| 1700 |
| 1706 |
| 1717 |
| 1723 |
| 1734 |
| 1745 |
| 1751 |
| 1762 |
| 1773 |
| 1779 |
| 1790 |
| 1802 |
| 1813 |
| 1819 |
| 1830 |
| 1841 |
| 1847 |
| 1858 |
| 1869 |
| 1875 |
| 1886 |
| 1897 |
| 1909 |
| 1915 |
| 1926 |
| 1937 |
| 1943 |
| 1954 |
| 1965 |
| 1971 |
| 1982 |
| 1993 |
| 1999 |
| 2010 |
| 2021 |
| 2027 |
| 2038 |
| 2049 |
| 2055 |
| 2066 |
| 2077 |
| 2083 |
| 2094 |
| 2100 |
| 2106 |
| 2117 |
| 2123 |
| 2134 |
| 2145 |
| 2151 |
| 2162 |
| 2173 |
| 2179 |
| 2190 |
| 2202 |
| 2213 |
| 2219 |
| 2230 |
| 2241 |
| 2247 |
| 2258 |
| 2269 |
| 2275 |
| 2286 |
| 2297 |
| 2309 |
| 2315 |
| 2326 |
| 2337 |
| 2343 |
| 2354 |
| 2365 |
| 2371 |
| 2382 |
| 2393 |
| 2399 |
| 2410 |
| 2421 |
| 2427 |
| 2438 |
| 2449 |
| 2455 |
| 2466 |
| 2477 |
| 2483 |
| 2494 |
| 2500 |
| 2506 |
| 2517 |
| 2523 |
| 2534 |
| 2545 |
| 2551 |
| 2562 |
| 2573 |
| 2579 |
| 2590 |
| 2602 |
| 2613 |
| 2619 |
| 2630 |
| 2641 |
| 2647 |
| 2658 |
| 2669 |
| 2675 |
| 2686 |
| 2697 |
| 2709 |
| 2715 |
| 2726 |
| 2737 |
| 2743 |
| 2754 |
| 2765 |
| 2771 |
| 2782 |
| 2793 |
| 2799 |
| 2810 |
| 2821 |
| 2827 |
| 2838 |
| 2849 |
| 2855 |
| 2866 |
| 2877 |
| 2883 |
| 2894 |
| 2900 |
| 2906 |
| 2917 |
| 2923 |
| 2934 |
| 2945 |
| 2951 |
| 2962 |
| 2973 |
| 2979 |
| 2990 |
