| Common years starting Sunday |
| --- |
| 1589 |
| 1595 |
| 1606 |
| 1617 |
| 1623 |
| 1634 |
| 1645 |
| 1651 |
| 1662 |
| 1673 |
| 1679 |
| 1690 |
| 1702 |
| 1713 |
| 1719 |
| 1730 |
| 1741 |
| 1747 |
| 1758 |
| 1769 |
| 1775 |
| 1786 |
| 1797 |
| 1809 |
| 1815 |
| 1826 |
| 1837 |
| 1843 |
| 1854 |
| 1865 |
| 1871 |
| 1882 |
| 1893 |
| 1899 |
| 1905 |
| 1911 |
| 1922 |
| 1933 |
| 1939 |
| 1950 |
| 1961 |
| 1967 |
| 1978 |
| 1989 |
| 1995 |
| 2006 |
| 2017 |
| 2023 |
| 2034 |
| 2045 |
| 2051 |
| 2062 |
| 2073 |
| 2079 |
| 2090 |
| 2102 |
| 2113 |
| 2119 |
| 2130 |
| 2141 |
| 2147 |
| 2158 |
| 2169 |
| 2175 |
| 2186 |
| 2197 |
| 2209 |
| 2215 |
| 2226 |
| 2237 |
| 2243 |
| 2254 |
| 2265 |
| 2271 |
| 2282 |
| 2293 |
| 2299 |
| 2305 |
| 2311 |
| 2322 |
| 2333 |
| 2339 |
| 2350 |
| 2361 |
| 2367 |
| 2378 |
| 2389 |
| 2395 |
| 2406 |
| 2417 |
| 2423 |
| 2434 |
| 2445 |
| 2451 |
| 2462 |
| 2473 |
| 2479 |
| 2490 |
| 2502 |
| 2513 |
| 2519 |
| 2530 |
| 2541 |
| 2547 |
| 2558 |
| 2569 |
| 2575 |
| 2586 |
| 2597 |
| 2609 |
| 2615 |
| 2626 |
| 2637 |
| 2643 |
| 2654 |
| 2665 |
| 2671 |
| 2682 |
| 2693 |
| 2699 |
| 2705 |
| 2711 |
| 2722 |
| 2733 |
| 2739 |
| 2750 |
| 2761 |
| 2767 |
| 2778 |
| 2789 |
| 2795 |
| 2806 |
| 2817 |
| 2823 |
| 2834 |
| 2845 |
| 2851 |
| 2862 |
| 2873 |
| 2879 |
| 2890 |
| 2902 |
| 2913 |
| 2919 |
| 2930 |
| 2941 |
| 2947 |
| 2958 |
| 2969 |
| 2975 |
| 2986 |
| 2997 |
