| Common years starting Wednesday |
| --- |
| 1586 |
| 1597 |
| 1603 |
| 1614 |
| 1625 |
| 1631 |
| 1642 |
| 1653 |
| 1659 |
| 1670 |
| 1681 |
| 1687 |
| 1698 |
| 1710 |
| 1721 |
| 1727 |
| 1738 |
| 1749 |
| 1755 |
| 1766 |
| 1777 |
| 1783 |
| 1794 |
| 1800 |
| 1806 |
| 1817 |
| 1823 |
| 1834 |
| 1845 |
| 1851 |
| 1862 |
| 1873 |
| 1879 |
| 1890 |
| 1902 |
| 1913 |
| 1919 |
| 1930 |
| 1941 |
| 1947 |
| 1958 |
| 1969 |
| 1975 |
| 1986 |
| 1997 |
| 2003 |
| 2014 |
| 2025 |
| 2031 |
| 2042 |
| 2053 |
| 2059 |
| 2070 |
| 2081 |
| 2087 |
| 2098 |
| 2110 |
| 2121 |
| 2127 |
| 2138 |
| 2149 |
| 2155 |
| 2166 |
| 2177 |
| 2183 |
| 2194 |
| 2200 |
| 2206 |
| 2217 |
| 2223 |
| 2234 |
| 2245 |
| 2251 |
| 2262 |
| 2273 |
| 2279 |
| 2290 |
| 2302 |
| 2313 |
| 2319 |
| 2330 |
| 2341 |
| 2347 |
| 2358 |
| 2369 |
| 2375 |
| 2386 |
| 2397 |
| 2403 |
| 2414 |
| 2425 |
| 2431 |
| 2442 |
| 2453 |
| 2459 |
| 2470 |
| 2481 |
| 2487 |
| 2498 |
| 2510 |
| 2521 |
| 2527 |
| 2538 |
| 2549 |
| 2555 |
| 2566 |
| 2577 |
| 2583 |
| 2594 |
| 2600 |
| 2606 |
| 2617 |
| 2623 |
| 2634 |
| 2645 |
| 2651 |
| 2662 |
| 2673 |
| 2679 |
| 2690 |
| 2702 |
| 2713 |
| 2719 |
| 2730 |
| 2741 |
| 2747 |
| 2758 |
| 2769 |
| 2775 |
| 2786 |
| 2797 |
| 2803 |
| 2814 |
| 2825 |
| 2831 |
| 2842 |
| 2853 |
| 2859 |
| 2870 |
| 2881 |
| 2887 |
| 2898 |
| 2910 |
| 2921 |
| 2927 |
| 2938 |
| 2949 |
| 2955 |
| 2966 |
| 2977 |
| 2983 |
| 2994 |
| 3000 |
