| Common years starting Tuesday |
| --- |
| 1585 |
| 1591 |
| 1602 |
| 1613 |
| 1619 |
| 1630 |
| 1641 |
| 1647 |
| 1658 |
| 1669 |
| 1675 |
| 1686 |
| 1697 |
| 1709 |
| 1715 |
| 1726 |
| 1737 |
| 1743 |
| 1754 |
| 1765 |
| 1771 |
| 1782 |
| 1793 |
| 1799 |
| 1805 |
| 1811 |
| 1822 |
| 1833 |
| 1839 |
| 1850 |
| 1861 |
| 1867 |
| 1878 |
| 1889 |
| 1895 |
| 1901 |
| 1907 |
| 1918 |
| 1929 |
| 1935 |
| 1946 |
| 1957 |
| 1963 |
| 1974 |
| 1985 |
| 1991 |
| 2002 |
| 2013 |
| 2019 |
| 2030 |
| 2041 |
| 2047 |
| 2058 |
| 2069 |
| 2075 |
| 2086 |
| 2097 |
| 2109 |
| 2115 |
| 2126 |
| 2137 |
| 2143 |
| 2154 |
| 2165 |
| 2171 |
| 2182 |
| 2193 |
| 2199 |
| 2205 |
| 2211 |
| 2222 |
| 2233 |
| 2239 |
| 2250 |
| 2261 |
| 2267 |
| 2278 |
| 2289 |
| 2295 |
| 2301 |
| 2307 |
| 2318 |
| 2329 |
| 2335 |
| 2346 |
| 2357 |
| 2363 |
| 2374 |
| 2385 |
| 2391 |
| 2402 |
| 2413 |
| 2419 |
| 2430 |
| 2441 |
| 2447 |
| 2458 |
| 2469 |
| 2475 |
| 2486 |
| 2497 |
| 2509 |
| 2515 |
| 2526 |
| 2537 |
| 2543 |
| 2554 |
| 2565 |
| 2571 |
| 2582 |
| 2593 |
| 2599 |
| 2605 |
| 2611 |
| 2622 |
| 2633 |
| 2639 |
| 2650 |
| 2661 |
| 2667 |
| 2678 |
| 2689 |
| 2695 |
| 2701 |
| 2707 |
| 2718 |
| 2729 |
| 2735 |
| 2746 |
| 2757 |
| 2763 |
| 2774 |
| 2785 |
| 2791 |
| 2802 |
| 2813 |
| 2819 |
| 2830 |
| 2841 |
| 2847 |
| 2858 |
| 2869 |
| 2875 |
| 2886 |
| 2897 |
| 2909 |
| 2915 |
| 2926 |
| 2937 |
| 2943 |
| 2954 |
| 2965 |
| 2971 |
| 2982 |
| 2993 |
| 2999 |
