| Common years starting Thursday |
| --- |
| 1587 |
| 1598 |
| 1609 |
| 1615 |
| 1626 |
| 1637 |
| 1643 |
| 1654 |
| 1665 |
| 1671 |
| 1682 |
| 1693 |
| 1699 |
| 1705 |
| 1711 |
| 1722 |
| 1733 |
| 1739 |
| 1750 |
| 1761 |
| 1767 |
| 1778 |
| 1789 |
| 1795 |
| 1801 |
| 1807 |
| 1818 |
| 1829 |
| 1835 |
| 1846 |
| 1857 |
| 1863 |
| 1874 |
| 1885 |
| 1891 |
| 1903 |
| 1914 |
| 1925 |
| 1931 |
| 1942 |
| 1953 |
| 1959 |
| 1970 |
| 1981 |
| 1987 |
| 1998 |
| 2009 |
| 2015 |
| 2026 |
| 2037 |
| 2043 |
| 2054 |
| 2065 |
| 2071 |
| 2082 |
| 2093 |
| 2099 |
| 2105 |
| 2111 |
| 2122 |
| 2133 |
| 2139 |
| 2150 |
| 2161 |
| 2167 |
| 2178 |
| 2189 |
| 2195 |
| 2201 |
| 2207 |
| 2218 |
| 2229 |
| 2235 |
| 2246 |
| 2257 |
| 2263 |
| 2274 |
| 2285 |
| 2291 |
| 2303 |
| 2314 |
| 2325 |
| 2331 |
| 2342 |
| 2353 |
| 2359 |
| 2370 |
| 2381 |
| 2387 |
| 2398 |
| 2409 |
| 2415 |
| 2426 |
| 2437 |
| 2443 |
| 2454 |
| 2465 |
| 2471 |
| 2482 |
| 2493 |
| 2499 |
| 2505 |
| 2511 |
| 2522 |
| 2533 |
| 2539 |
| 2550 |
| 2561 |
| 2567 |
| 2578 |
| 2589 |
| 2595 |
| 2601 |
| 2607 |
| 2618 |
| 2629 |
| 2635 |
| 2646 |
| 2657 |
| 2663 |
| 2674 |
| 2685 |
| 2691 |
| 2703 |
| 2714 |
| 2725 |
| 2731 |
| 2742 |
| 2753 |
| 2759 |
| 2770 |
| 2781 |
| 2787 |
| 2798 |
| 2809 |
| 2815 |
| 2826 |
| 2837 |
| 2843 |
| 2854 |
| 2865 |
| 2871 |
| 2882 |
| 2893 |
| 2899 |
| 2905 |
| 2911 |
| 2922 |
| 2933 |
| 2939 |
| 2950 |
| 2961 |
| 2967 |
| 2978 |
| 2989 |
| 2995 |
