| Common years starting Saturday |
| --- |
| 1583 |
| 1594 |
| 1611 |
| 1622 |
| 1639 |
| 1650 |
| 1667 |
| 1678 |
| 1695 |
| 1701 |
| 1707 |
| 1718 |
| 1735 |
| 1746 |
| 1763 |
| 1774 |
| 1791 |
| 1803 |
| 1814 |
| 1831 |
| 1842 |
| 1859 |
| 1870 |
| 1887 |
| 1898 |
| 1910 |
| 1927 |
| 1938 |
| 1955 |
| 1966 |
| 1983 |
| 1994 |
| 2011 |
| 2022 |
| 2039 |
| 2050 |
| 2067 |
| 2078 |
| 2095 |
| 2101 |
| 2107 |
| 2118 |
| 2135 |
| 2146 |
| 2163 |
| 2174 |
| 2191 |
| 2203 |
| 2214 |
| 2231 |
| 2242 |
| 2259 |
| 2270 |
| 2287 |
| 2298 |
| 2310 |
| 2327 |
| 2338 |
| 2355 |
| 2366 |
| 2383 |
| 2394 |
| 2411 |
| 2422 |
| 2439 |
| 2450 |
| 2467 |
| 2478 |
| 2495 |
| 2501 |
| 2507 |
| 2518 |
| 2535 |
| 2546 |
| 2563 |
| 2574 |
| 2591 |
| 2603 |
| 2614 |
| 2631 |
| 2642 |
| 2659 |
| 2670 |
| 2687 |
| 2698 |
| 2710 |
| 2727 |
| 2738 |
| 2755 |
| 2766 |
| 2783 |
| 2794 |
| 2811 |
| 2822 |
| 2839 |
| 2850 |
| 2867 |
| 2878 |
| 2895 |
| 2901 |
| 2907 |
| 2918 |
| 2935 |
| 2946 |
| 2963 |
| 2974 |
| 2991 |
