| Common years starting Monday |
| --- |
| 1590 |
| 1601 |
| 1607 |
| 1618 |
| 1629 |
| 1635 |
| 1646 |
| 1657 |
| 1663 |
| 1674 |
| 1685 |
| 1691 |
| 1703 |
| 1714 |
| 1725 |
| 1731 |
| 1742 |
| 1753 |
| 1759 |
| 1770 |
| 1781 |
| 1787 |
| 1798 |
| 1810 |
| 1821 |
| 1827 |
| 1838 |
| 1849 |
| 1855 |
| 1866 |
| 1877 |
| 1883 |
| 1894 |
| 1900 |
| 1906 |
| 1917 |
| 1923 |
| 1934 |
| 1945 |
| 1951 |
| 1962 |
| 1973 |
| 1979 |
| 1990 |
| 2001 |
| 2007 |
| 2018 |
| 2029 |
| 2035 |
| 2046 |
| 2057 |
| 2063 |
| 2074 |
| 2085 |
| 2091 |
| 2103 |
| 2114 |
| 2125 |
| 2131 |
| 2142 |
| 2153 |
| 2159 |
| 2170 |
| 2181 |
| 2187 |
| 2198 |
| 2210 |
| 2221 |
| 2227 |
| 2238 |
| 2249 |
| 2255 |
| 2266 |
| 2277 |
| 2283 |
| 2294 |
| 2300 |
| 2306 |
| 2317 |
| 2323 |
| 2334 |
| 2345 |
| 2351 |
| 2362 |
| 2373 |
| 2379 |
| 2390 |
| 2401 |
| 2407 |
| 2418 |
| 2429 |
| 2435 |
| 2446 |
| 2457 |
| 2463 |
| 2474 |
| 2485 |
| 2491 |
| 2503 |
| 2514 |
| 2525 |
| 2531 |
| 2542 |
| 2553 |
| 2559 |
| 2570 |
| 2581 |
| 2587 |
| 2598 |
| 2610 |
| 2621 |
| 2627 |
| 2638 |
| 2649 |
| 2655 |
| 2666 |
| 2677 |
| 2683 |
| 2694 |
| 2700 |
| 2706 |
| 2717 |
| 2723 |
| 2734 |
| 2745 |
| 2751 |
| 2762 |
| 2773 |
| 2779 |
| 2790 |
| 2801 |
| 2807 |
| 2818 |
| 2829 |
| 2835 |
| 2846 |
| 2857 |
| 2863 |
| 2874 |
| 2885 |
| 2891 |
| 2903 |
| 2914 |
| 2925 |
| 2931 |
| 2942 |
| 2953 |
| 2959 |
| 2970 |
| 2981 |
| 2987 |
| 2998 |
